5.000000000000000000e-01 5.200143308227902708e+02
6.999999999999999556e-01 7.249834068686644741e+02
9.000000000000000222e-01 9.292866759604880826e+02
1.100000000000000089e+00 1.153835451138202643e+03
1.299999999999999822e+00 1.414820744009373811e+03
1.500000000000000000e+00 1.724827347732978978e+03
1.700000000000000178e+00 2.093994240661818822e+03
1.899999999999999911e+00 2.530685192355123490e+03
2.100000000000000089e+00 3.041805899279226651e+03
2.299999999999999822e+00 3.632931480134547655e+03
2.500000000000000000e+00 4.308349353973489087e+03
